0000001000000001000000010000000100000001000000010000000111111100
0000000100000010000000010000000100000001000000010000000100000001
0000000100000001000000010000000100000001000000010000001000000001
0000000100000001000000010000000100000001000000010000000100000001
0000000100000001000000010000000100000001000000010000000100000001
0000000100000001000000010000000100000001000000010000000100000001
0000000100000001000000010000000100000001000000010000000100000001
0000000100000001000000010000000100000001000000010000000100000001
0000000100000001000000010000000100000001000000010000000100000001
0000000100000001000000010000000100000001000000010000000100000001
0000000100000001000000010000000100000001000000010000000100000001
0000000100000001000000010000000100000001000000010000000100000001
0000000100000001000000010000000100000001000000010000000100000001
0000000100000001000000010000000100000001000000010000000100000001
0000000100000001000000010000000100000001000000010000000100000001
0000000100000001000000010000000100000001000000010000000100000001
0000000100000001000000010000000100000001000000010000000100000001
0000000100000001000000010000000100000001000000010000000100000001
0000000100000001000000010000000100000001000000010000000100000001
0000000100000001000000010000000100000001000000010000000100000001
0000000100000001000000010000000100000001000000010000000100000001
0000000100000001000000010000000100000001000000010000000100000001
0000000100000001000000010000000100000001000000010000000100000001
0000000100000001000000010000000100000001000000010000000100000001
