0000001000000001000000010000000100000001000000010000000100000001
0000000100000001000000010000000100000001000000010000000100000001
0000000100000001000000010000001000000001000000010000000100000001
0000000100000001000000010000000100000001000000010000000100000001
0000000100000001000000010000000100000001000000010000000100000001
0000000100000001000000010000000100000001000000010000000100000001
0000000100000001000000010000000100000001000000010000000100000001
0000001100000001000000010000000100000001000000010000000100000001
0000000100000001000000010000000100000001000000010000000100000001
0000000100000001000000010000000100000001000000010000000100000001
0000000100000001000000010000000100000001000000010000000100000001
0000000100000001000000010000000100000001000000010000000100000001
0000000100000001000000010000000100000001000000010000000100000001
0000000100000001000000010000000100000001000000010000000100000001
0000000100000001000000010000000100000001000000010000000100000001
0000000100000001000000010000000100000001000000010000000100000001
0000000100000001000000010000000100000001000000010000000100000001
0000000100000001000000010000000100000001000000010000000100000001
0000000100000001000000010000000100000001000000010000000100000001
0000000100000001000000010000000100000001000000010000000100000001
0000000100000001000000010000000100000001000000010000000100000001
0000000100000001000000010000000100000001000000010000000100000001
0000000100000001000000010000000100000001000000010000000100000001
0000000100000001000000010000000100000001000000010000000100000001
